0 0 25 25 25 25 25 50 50 25 50 25 75 50 100 75 50 50 50 50 50 50 25 50 50 75 75 100 50 75 50
1 25 0 25 50 50 25 25 25 25 25 25 75 50 75 50 50 50 50 75 75 75 50 75 75 100 100 75 50 75 50
2 25 25 0 50 25 50 50 50 50 50 25 50 25 75 50 75 75 50 75 75 75 50 75 75 100 100 75 50 75 25
3 25 50 50 0 50 50 50 75 50 75 25 50 75 75 75 25 75 25 25 25 25 50 75 75 100 50 100 50 75 75
4 25 50 25 50 0 25 50 50 50 50 50 75 50 100 75 50 50 75 75 75 75 50 75 75 100 100 100 75 100 50
5 25 25 50 50 25 0 25 25 50 25 50 50 75 75 50 25 25 75 75 75 75 50 75 75 100 100 75 50 75 50
6 50 25 50 50 50 25 0 50 25 50 50 50 75 75 75 25 25 75 75 75 75 75 100 100 125 100 100 25 50 75
7 50 25 50 75 50 25 50 0 50 25 50 50 50 50 25 50 50 75 100 100 100 75 100 100 125 125 50 75 100 50
8 25 25 50 50 50 50 25 50 0 25 25 75 75 100 75 50 50 50 75 75 75 50 75 75 100 100 100 25 50 50
9 50 25 50 75 50 25 50 25 25 0 50 75 75 75 50 50 50 75 100 100 100 75 100 100 125 125 75 50 75 25
10 25 25 25 25 50 50 50 50 25 50 0 75 50 100 75 50 50 25 50 50 50 50 75 75 100 75 100 25 50 50
11 75 75 50 50 75 50 50 50 75 75 75 0 25 25 25 25 75 75 75 75 75 100 125 125 150 100 50 75 100 75
12 50 50 25 75 50 75 75 50 75 75 50 25 0 50 25 50 100 75 100 100 100 75 100 100 125 125 50 75 100 50
13 100 75 75 75 100 75 75 50 100 75 100 25 50 0 25 50 100 100 100 100 100 125 150 150 175 125 50 100 125 100
14 75 50 50 75 75 50 75 25 75 50 75 25 25 25 0 50 75 100 100 100 100 100 125 125 150 125 25 100 125 75
15 50 50 75 25 50 25 25 50 50 50 50 25 50 50 50 0 50 50 50 50 50 75 100 100 125 75 75 50 75 75
16 50 50 75 75 50 25 25 50 50 50 50 75 100 100 75 50 0 75 100 100 100 75 100 100 125 125 100 25 50 75
17 50 50 50 25 75 75 75 75 50 75 25 75 75 100 100 50 75 0 50 25 50 75 100 100 125 50 125 50 75 75
18 50 75 75 25 75 75 75 100 75 100 50 75 100 100 100 50 100 50 0 25 50 75 100 100 125 50 125 75 100 100
19 50 75 75 25 75 75 75 100 75 100 50 75 100 100 100 50 100 25 25 0 25 75 100 100 125 25 125 75 100 100
20 50 75 75 25 75 75 75 100 75 100 50 75 100 100 100 50 100 50 50 25 0 75 100 100 125 50 125 75 100 100
21 25 50 50 50 50 50 75 75 50 75 50 100 75 125 100 75 75 75 75 75 75 0 25 25 50 100 125 75 100 75
22 50 75 75 75 75 75 100 100 75 100 75 125 100 150 125 100 100 100 100 100 100 25 0 50 75 125 150 100 125 100
23 50 75 75 75 75 75 100 100 75 100 75 125 100 150 125 100 100 100 100 100 100 25 50 0 25 125 150 100 125 100
24 75 100 100 100 100 100 125 125 100 125 100 150 125 175 150 125 125 125 125 125 125 50 75 25 0 150 175 125 150 125
25 75 100 100 50 100 100 100 125 100 125 75 100 125 125 125 75 125 50 50 25 50 100 125 125 150 0 150 100 125 125
26 100 75 75 100 100 75 100 50 100 75 100 50 50 50 25 75 100 125 125 125 125 125 150 150 175 150 0 125 150 100
27 50 50 50 50 75 50 25 75 25 50 25 75 75 100 100 50 25 50 75 75 75 75 100 100 125 100 125 0 25 75
28 75 75 75 75 100 75 50 100 50 75 50 100 100 125 125 75 50 75 100 100 100 100 125 125 150 125 150 25 0 100
29 50 50 25 75 50 50 75 50 50 25 50 75 50 100 75 75 75 75 100 100 100 75 100 100 125 125 100 75 100 0
